- Wave Lab
- Date: 2022-11-09 14:22:56
- Duration: 15.03 s

119
119
118
119
118
118
118
119
119
118
118
119
118
118
118
119
118
118
118
117
118
119
118
117
119
118
119
119
119
118
118
119
119
118
119
118
119
118
118
118
117
118
119
119
119
119
118
118
118
118
118
119
117
118
118
118
119
118
118
118
118
119
118
119
118
118
119
118
118
118
119
119
119
118
118
118
117
119
119
119
118
119
117
119
118
118
118
119
119
118
119
118
119
118
119
118
119
119
118
118
118
118
119
118
119
119
118
119
118
119
119
119
119
118
118
118
118
117
119
119
119
119
120
119
118
118
119
119
118
119
119
118
118
119
118
118
118
117
119
118
118
119
119
118
119
119
120
119
119
118
118
119
118
119
119
119
118
119
119
119
120
118
119
119
118
119
119
118
118
118
119
119
118
118
118
119
118
118
119
120
118
118
119
119
118
118
119
119
119
119
118
119
118
118
118
118
118
119
119
118
118
119
118
118
119
118
118
119
118
118
119
118
118
118
119
119
118
119
119
119
120
119
119
119
118
118
118
119
118
118
118
117
119
117
119
119
119
118
119
119
118
118
119
119
119
119
118
118
119
119
118
119
119
118
119
119
118
119
119
118
119
119
119
119
119
117
119
119
119
118
119
119
119
118
119
119
120
118
119
118
119
118
119
119
119
119
119
119
119
119
118
118
119
118
119
119
119
118
119
119
118
119
119
119
119
118
119
119
119
119
118
119
119
118
118
118
118
119
118
119
118
119
118
118
119
118
118
119
118
118
118
119
119
118
119
119
118
119
119
119
119
118
118
118
119
118
118
118
119
119
119
118
119
118
118
119
120
119
119
120
