- Wave Lab
- Date: 2022-11-09 14:31:03
- Duration: 15.03 s

130
130
130
130
131
131
130
131
130
130
131
131
131
131
130
131
131
130
130
131
131
130
131
130
131
130
132
131
131
130
131
131
130
130
131
130
130
131
131
131
131
130
130
130
131
130
132
130
131
130
130
130
131
131
131
130
130
132
130
131
130
130
130
130
131
131
131
131
131
131
131
131
131
130
131
131
131
131
130
132
130
130
131
131
131
131
132
131
131
131
131
130
131
131
130
132
130
131
131
131
131
130
130
130
131
132
130
130
130
130
130
130
130
130
130
130
130
130
130
130
131
131
130
131
130
131
131
129
131
131
131
131
131
131
131
131
131
132
131
131
131
132
131
131
131
131
130
131
131
131
131
131
131
130
131
131
132
131
131
131
132
131
131
131
130
131
131
131
130
131
131
130
130
131
131
130
130
130
130
130
130
130
130
130
130
130
130
131
131
129
130
130
129
131
131
131
131
131
131
130
131
130
131
131
131
131
131
131
131
131
131
131
131
131
131
131
130
131
130
130
131
131
131
131
130
132
131
130
130
131
131
131
130
131
130
131
131
131
130
130
131
131
130
130
130
131
130
131
130
131
130
130
131
131
130
131
131
130
131
130
130
131
131
131
130
131
131
131
130
130
131
131
131
131
130
131
130
130
131
131
130
131
131
130
130
130
130
131
131
131
131
130
130
131
130
131
131
131
131
130
130
130
130
130
131
131
130
130
130
131
130
130
131
131
130
130
130
131
130
131
130
131
131
131
131
130
131
130
130
130
131
131
130
131
131
131
131
131
131
130
130
131
131
131
131
130
131
131
131
130
130
130
131
131
130
130
131
131
130
131
131
