- Wave Lab
- Date: 2022-11-09 14:12:58
- Duration: 15.01 s

88
87
87
86
87
87
87
87
87
87
88
88
88
87
88
88
87
87
86
87
87
87
87
86
87
87
87
87
87
87
87
86
87
87
86
87
86
86
86
86
86
87
87
86
87
87
86
87
86
87
87
86
85
86
87
86
86
86
86
86
86
85
86
85
86
86
86
86
86
86
86
86
86
86
86
86
85
86
87
87
86
87
87
86
87
87
88
87
88
87
87
87
88
88
87
87
87
87
87
88
88
86
86
87
87
88
87
87
88
87
88
87
87
88
87
87
87
87
86
87
87
86
87
87
87
87
87
88
88
87
87
88
87
87
87
87
86
86
87
87
88
87
87
87
87
86
86
87
87
87
86
87
87
86
87
86
87
87
86
87
85
86
86
87
86
87
86
87
87
86
86
86
86
86
86
87
86
86
86
86
86
86
87
86
87
86
87
86
85
86
86
86
86
87
86
86
87
87
87
87
87
88
88
88
88
87
87
87
88
87
87
88
88
86
87
87
86
87
87
87
87
87
88
87
87
87
87
88
87
88
87
87
87
87
88
88
86
86
88
87
87
87
88
88
87
87
88
87
87
87
87
86
87
87
87
87
87
87
88
88
87
86
87
86
86
87
87
87
87
86
87
87
86
87
87
86
87
86
86
87
86
87
86
87
86
87
86
86
86
86
86
86
87
86
86
86
86
86
87
86
87
87
86
87
86
86
86
87
86
86
86
87
87
87
88
88
87
87
88
87
87
87
86
87
87
88
87
87
86
87
87
86
87
88
86
88
87
87
87
88
87
87
88
87
87
87
86
87
88
87
88
87
