- Wave Lab
- Date: 2022-11-09 14:17:07
- Duration: 15.03 s

108
107
107
107
106
107
107
106
108
108
107
107
107
108
108
107
108
107
108
108
107
108
107
107
108
107
107
107
106
106
107
106
107
106
107
107
107
107
107
107
107
107
107
106
107
107
107
106
106
107
106
107
107
106
107
106
107
107
106
106
107
106
107
106
107
107
106
107
107
106
107
107
107
107
107
107
107
108
108
107
108
108
107
108
108
108
108
107
107
107
107
107
108
107
107
108
107
108
107
108
107
107
107
108
107
108
108
108
108
108
107
107
108
107
107
107
108
106
107
107
108
108
107
106
108
106
107
107
107
107
108
107
106
107
107
106
108
107
107
107
107
107
106
107
107
106
107
107
107
107
107
107
108
106
107
106
107
108
107
107
107
108
107
108
107
108
107
107
108
107
108
108
108
108
108
108
106
107
107
108
107
108
108
108
107
107
107
107
107
107
107
107
106
108
107
107
108
108
107
107
107
108
108
107
106
107
107
107
106
107
107
107
107
107
107
107
108
107
107
108
107
107
107
106
106
107
107
106
107
106
106
107
107
106
107
106
107
107
107
107
106
107
107
108
107
106
108
107
107
107
107
107
107
108
108
107
107
107
108
109
108
108
107
108
108
107
108
107
107
108
107
108
107
106
107
107
107
108
107
108
108
108
108
107
107
107
107
108
107
107
108
108
107
108
107
106
107
107
107
108
107
107
107
108
107
107
106
107
106
107
108
108
107
107
107
108
107
107
107
107
107
106
106
107
107
107
107
108
107
106
107
106
107
107
108
107
107
107
107
108
108
107
107
107
107
107
107
108
108
107
108
108
107
