- Wave Lab
- Date: 2022-11-09 14:18:02
- Duration: 15.03 s

120
120
120
120
119
120
120
120
120
120
120
120
121
120
121
120
120
120
121
120
120
121
120
119
120
120
120
120
120
119
120
119
120
119
119
120
119
119
119
119
120
120
119
119
119
119
119
119
119
119
120
119
119
119
120
119
119
119
120
119
119
119
119
120
119
120
120
121
119
119
120
120
120
121
120
120
120
119
120
120
120
120
120
119
120
120
119
120
119
120
120
120
119
120
121
120
119
120
120
119
119
119
120
119
119
120
120
119
119
120
120
120
120
119
120
119
119
118
119
119
120
119
119
119
119
119
119
119
119
118
118
119
119
118
119
119
119
119
119
119
120
119
120
120
119
119
120
119
119
120
120
120
120
120
119
120
119
119
120
120
119
120
119
121
120
120
119
119
120
120
120
120
120
120
120
120
119
119
119
120
119
119
119
118
119
119
118
119
120
119
119
119
119
119
119
120
120
119
119
119
119
118
119
119
119
118
118
119
119
119
119
119
120
119
120
120
119
119
119
119
120
119
119
119
120
119
119
120
119
119
120
119
120
120
119
119
119
119
119
119
119
119
119
119
119
119
119
119
120
119
119
119
119
119
119
119
119
118
119
119
119
118
118
119
118
119
118
119
118
118
118
119
118
118
119
119
119
119
119
118
117
119
119
119
119
119
118
118
119
119
118
118
119
118
119
118
118
120
119
120
120
119
120
119
120
119
120
119
119
119
118
119
119
119
118
119
118
119
118
118
119
118
118
119
118
119
119
119
118
119
118
119
118
119
119
118
119
118
118
118
118
118
118
117
118
118
118
118
119
118
119
118
118
119
