- Jet Lab
- Date: 2022-12-07 13:26:31
- Step: 0 motor steps
1187
1158
1205
1193
1171
1139
1163
1181
1127
1170
1194
1179
1193
1158
1193
1107
1137
1227
1212
1195
1196
1149
1209
1254
1179
1167
1161
1228
1189
1198
1178
1251
1168
1206
1215
1158
1193
1205
1192
1173
1161
1199
1199
1165
1140
1163
1168
1193
1217
1226
1177
1239
1191
1238
1123
1167
1184
1145
1185
1150
1206
1200
1180
1127
1185
1248
1142
1177
1151
1208
1193
1188
1148
1236
1127
1208
1172
1255
1172
1156
1175
1191
1196
1163
1164
1160
1168
1194
1235
1162
1257
1181
1155
1173
1248
1187
1141
1225
1209
1174
1199
1127
1145
1189
1238
1196
1166
1249
1206
1214
1228
1155
1218
1128
1155
1174
1183
1163
1182
1194
1128
1214
1203
1147
1200
1228
1217
1197
1171
1180
1198
1192
1152
1233
1152
1206
1170
1244
1167
1187
1218
1193
1201
1182
1191
1266
1176
1188
1187
1190
1217
1156
1137
1115
1230
1203
1199
1195
1228
1204
1150
1159
1204
1140
1212
1169
1286
1223
1227
1141
1198
1206
1159
1206
1180
1135
1179
1170
1174
1263
1178
1223
1207
1200
1158
1187
1223
1284
1227
1234
1147
1207
1166
1199
1228
1208
1209
1167
1171
1183
1168
1185
1175
1124
1174
1202
1196
1179
1165
1183
1206
1178
1227
1188
1161
1219
1207
1184
1206
1213
1182
1183
1204
1140
1188
1188
1144
1167
1199
1243
1190
1204
1191
1175
1159
1161
1188
1221
1191
1202
1220
1179
1235
1222
1186
1221
1143
1163
1209
1201
1175
1179
1199
1196
1155
1161
1146
1153
1197
1177
1181
1230
1217
1176
1219
1206
1158
1200
1210
1242
1180
1211
1159
1194
1181
1215
1175
1183
1270
1171
1155
1217
1207
1171
1184
1206
1201
1155
1187
1191
1180
1144
1165
1177
1275
1175
1167
1179
1208
1260
1203
1232
1232
1195
1146
1171
1202
1156
1201
1198
1174
1214
1191
1179
1203
1140
1203
1206
1231
1153
1203
1153
1210
1203
1216
1199
1196
1208
1204
1194
1144
1179
1240
1150
1192
1180
1159
1249
1173
1164
1173
1196
1229
1205
1203
1178
1176
1174
1183
1229
1187
1233
1201
1180
1222
1143
1174
1230
1193
1203
1174
1197
1177
1186
1200
1169
1185
1197
1162
1244
1216
1179
1185
1234
1181
1212
1224
1231
1228
1205
1248
1219
1228
1173
1135
1182
1230
1158
1190
1193
1167
1156
1264
1139
1166
1154
1205
1151
1167
1195
1201
1211
1204
1173
1176
1223
1148
1225
1166
1234
1174
1167
1164
1216
1231
1244
1142
1185
1177
1234
1188
1133
1238
1124
1147
1200
1118
1140
1177
1230
1235
1163
1233
1186
1176
1177
1150
1166
1151
1195
1152
1198
1178
1195
1161
1203
1169
1166
1204
1184
1204
1212
1204
1182
1229
1198
1218
1203
1221
1222
1181
1237
1228
1172
1191
1160
1214
1167
1147
1196
1200
1144
1193
1223
1190
1227
1186
1211
1198
1203
1195
1182
1166
1180
1176
1166
1151
1240
1208
1209
1244
1127
1206
1194
1237
1215
1209
1203
1181
1190
