- Jet Lab
- Date: 2022-12-07 13:29:16
- Step: 0 motor steps
1386
1426
1412
1385
1401
1486
1503
1508
1470
1428
1452
1442
1395
1418
1468
1403
1462
1464
1439
1482
1503
1451
1471
1442
1369
1489
1489
1432
1483
1443
1424
1451
1461
1439
1422
1456
1442
1427
1463
1463
1468
1419
1435
1436
1404
1441
1439
1422
1455
1488
1428
1388
1513
1426
1438
1412
1414
1464
1430
1439
1414
1400
1463
1475
1423
1489
1380
1504
1399
1457
1405
1481
1500
1426
1516
1407
1421
1395
1409
1413
1466
1400
1481
1406
1505
1405
1460
1342
1462
1424
1444
1453
1449
1392
1461
1423
1412
1426
1406
1432
1427
1457
1473
1446
1451
1504
1456
1422
1432
1420
1422
1406
1468
1375
1459
1483
1402
1415
1506
1462
1404
1402
1432
1415
1423
1424
1447
1430
1463
1407
1412
1411
1446
1500
1395
1420
1468
1436
1473
1456
1403
1465
1389
1458
1441
1407
1456
1443
1451
1403
1465
1422
1430
1340
1443
1432
1385
1430
1477
1407
1388
1438
1457
1427
1464
1479
1417
1414
1404
1424
1443
1456
1422
1416
1391
1406
1432
1395
1416
1391
1409
1375
1411
1443
1443
1426
1459
1448
1464
1447
1469
1448
1455
1451
1433
1498
1436
1478
1420
1486
1494
1481
1414
1452
1458
1435
1419
1393
1454
1441
1415
1437
1424
1495
1479
1422
1447
1436
1489
1468
1471
1460
1425
1436
1464
1469
1408
1455
1423
1467
1494
1471
1464
1404
1388
1446
1401
1439
1417
1445
1397
1423
1427
1365
1491
1393
1417
1470
1478
1460
1469
1428
1406
1456
1448
1388
1523
1458
1411
1427
1460
1377
1423
1410
1422
1411
1415
1429
1393
1418
1415
1456
1463
1406
1488
1365
1413
1393
1471
1398
1438
1397
1390
1364
1448
1458
1432
1405
1474
1409
1446
1411
1404
1425
1451
1475
1427
1453
1422
1465
1477
1400
1453
1430
1471
1457
1420
1397
1463
1389
1412
1429
1406
1406
1400
1395
1512
1410
1396
1427
1336
1405
1443
1392
1456
1425
1462
1488
1459
1402
1436
1406
1423
1414
1415
1416
1422
1443
1488
1413
1457
1456
1431
1475
1443
1459
1442
1428
1436
1496
1457
1388
1402
1461
1462
1459
1421
1475
1363
1450
1433
1465
1384
1428
1457
1496
1479
1448
1408
1396
1374
1463
1459
1415
1419
1375
1437
1437
1443
1408
1439
1436
1399
1438
1452
1442
1447
1436
1447
1447
1414
1440
1459
1423
1413
1401
1443
1412
1427
1381
1439
1411
1432
1418
1420
1489
1485
1470
1344
1494
1464
1383
1399
1431
1464
1435
1420
1479
1429
1449
1460
1476
1435
1419
1488
1469
1394
1409
1400
1416
1353
1415
1462
1415
1421
1464
1380
1467
1425
1402
1418
1468
1436
1526
1463
1415
1459
1385
1414
1408
1489
1439
1466
1449
1443
1395
1365
1411
1433
1462
1427
1444
1394
1440
1495
1396
1399
1438
1335
1468
1404
1452
1440
1432
1412
1484
1423
1389
1436
1403
1411
1402
1436
1408
1456
1436
1443
1392
1401
1505
1423
1520
1476
1399
1444
1352
1436
1433
1455
1382
