- Wave Lab
- Date: 2022-11-09 14:57:35
- Duration: 15.03 s

79
79
79
79
79
78
78
79
79
79
79
78
79
78
77
78
79
78
79
79
79
78
79
79
80
78
79
79
80
79
80
78
79
80
81
80
80
80
79
79
80
80
78
79
79
79
80
78
77
78
78
77
76
76
75
74
75
74
73
74
72
72
72
70
70
70
69
68
68
67
67
66
65
65
64
63
64
63
62
62
61
61
60
60
59
60
59
59
58
58
57
57
57
57
55
56
56
55
56
54
53
53
53
54
53
52
53
52
52
51
52
51
52
51
51
50
51
50
51
50
50
50
50
49
49
50
48
49
48
49
48
47
48
49
48
48
48
48
48
48
48
49
47
48
47
47
47
47
47
47
48
47
47
48
47
46
46
46
46
47
46
46
47
45
46
46
46
46
45
45
46
45
46
46
46
46
46
45
45
45
44
46
45
45
46
45
44
46
45
45
45
45
44
44
44
44
44
44
43
44
44
44
43
44
44
45
43
44
45
43
44
43
43
43
43
44
43
43
43
43
43
43
41
42
42
41
42
41
41
42
42
42
41
42
41
42
41
41
41
42
41
40
40
40
41
42
41
40
40
41
41
41
40
41
40
40
39
40
40
40
39
41
40
39
40
40
39
39
39
39
39
39
39
39
39
39
40
39
38
39
38
39
38
39
38
38
38
38
37
38
38
38
37
38
38
38
37
38
37
37
37
38
38
37
37
37
37
37
36
38
36
37
37
37
36
36
36
36
36
37
36
37
36
37
37
37
35
36
37
37
36
36
36
37
36
37
37
37
36
36
35
35
36
36
36
35
36
35
35
35
35
35
35
35
36
36
36
35
36
35
