- Wave Lab
- Date: 2022-11-09 14:54:08
- Duration: 15.02 s

109
108
109
110
110
110
110
110
109
109
110
110
109
109
109
109
109
110
110
110
110
110
109
109
109
109
109
109
108
109
108
108
108
107
107
107
106
105
106
105
103
104
102
101
100
100
99
99
98
98
96
96
95
93
94
93
93
92
91
91
90
89
89
88
88
87
86
85
84
84
83
82
81
81
80
80
80
79
78
78
77
77
76
76
76
76
74
74
73
73
73
73
71
72
71
70
71
70
69
69
69
68
68
68
68
67
68
67
66
66
66
66
66
65
65
63
64
63
64
63
63
64
63
63
62
62
62
62
62
64
61
61
60
61
60
59
60
60
59
59
59
59
58
59
59
59
58
58
57
58
57
57
56
58
57
57
57
57
57
57
56
55
55
55
55
56
55
55
54
54
54
55
54
54
53
53
53
53
54
53
53
53
53
52
52
52
52
52
51
52
51
52
51
51
51
50
50
50
50
50
49
50
50
50
49
49
49
50
49
48
48
49
48
48
49
49
47
48
48
47
47
48
47
48
47
48
47
47
47
47
46
47
47
47
47
45
46
45
45
45
46
44
45
45
46
45
45
45
45
45
45
45
44
45
45
44
44
44
45
44
44
45
44
44
44
43
44
44
44
44
44
43
43
44
43
43
43
43
43
43
43
43
43
43
42
42
43
43
42
43
42
42
42
42
42
41
41
42
42
42
41
41
41
41
42
41
41
41
41
41
41
41
40
41
40
40
41
40
41
40
39
40
39
41
39
41
40
40
39
39
40
39
39
40
40
40
39
39
38
38
38
39
39
39
39
38
39
39
39
39
38
38
38
39
39
38
38
39
38
39
