- Jet Lab
- Date: 2022-12-07 13:47:17
- Step: 10 motor steps
1396
1480
1508
1488
1486
1486
1552
1461
1445
937
1424
1474
1419
1444
1428
1420
1520
1460
1448
1525
1426
1466
1496
1468
1474
1536
1456
1496
1446
1456
1464
1429
1432
1452
1476
1434
1501
1398
1457
1504
1540
1485
1544
1496
1520
1730
3264
3540
3544
3632
3615
3638
3616
3616
3666
3592
3648
3568
3584
3584
3600
3480
2192
1518
1450
1478
1427
1452
1412
1500
1432
1454
1352
1468
1396
1460
1397
1452
1394
1460
1429
1472
1408
1404
1472
1520
1440
1536
1395
1413
1473
1440
1418
1361
1453
1413
1440
1474
1406
1440
