- Jet Lab
- Date: 2022-12-07 13:51:41
- Step: 10 motor steps
1304
1412
1412
1384
1420
1427
1280
1302
1398
1412
1400
1366
1409
1432
1460
1330
1252
1416
1253
1414
1540
1440
1472
1537
1424
1384
1408
1457
1434
1536
1524
1464
1516
1472
1468
1504
1481
1418
1408
1332
1508
1440
1468
1394
1513
1798
2049
2802
3392
3568
3616
3612
3664
3526
3608
3700
3704
3664
3644
3618
3542
2516
1536
1400
1417
1536
1461
1460
1481
1481
1472
1558
1400
1568
1544
1513
1472
1498
1484
1478
1384
1427
1494
1390
1392
1408
1382
1459
1444
1417
1398
1408
1416
1368
1331
1377
1424
1415
1436
1476
