- Jet Lab
- Date: 2022-12-07 13:52:51
- Step: 10 motor steps
1441
1510
1473
1473
1509
1506
1417
1476
1496
1440
1400
1408
1520
1480
1460
1568
1560
1433
1488
1452
1396
1440
1442
1392
1528
1372
1410
1409
1388
1511
1498
1440
1382
1386
1492
1489
1454
1496
1368
1502
1412
1512
1612
1728
1996
2128
2368
2732
3148
3538
3618
3662
3590
3544
3616
3662
3426
3512
3342
3052
2656
2275
1912
1606
1480
1488
1392
1364
1435
1472
1465
1450
1318
1468
1408
1510
1481
1528
1592
1460
1408
1485
1436
1411
1462
1336
1392
1462
1448
1480
1470
1408
1433
1462
1464
1491
1450
1340
1436
1467
