- Jet Lab
- Date: 2022-12-07 13:53:46
- Step: 10 motor steps
1456
1452
1480
1508
1456
1518
1443
1492
1544
1445
1480
1494
1382
1520
1382
1457
1368
1284
1434
1456
1429
1400
1401
1433
1460
1494
1358
1440
1416
1456
1436
1328
1392
1408
1441
1414
1338
1468
1436
1539
1570
1546
1654
1796
1926
2250
2380
2771
2964
3360
3392
3616
3510
3504
3488
3512
3176
3092
2800
2598
2234
1996
1833
1659
1552
1462
1465
1478
1438
1394
1308
1447
1412
1441
1377
1368
1380
1465
1409
1414
1358
1427
1403
1394
1454
1476
1449
1458
1472
1488
1488
1523
1511
1457
1466
1464
1443
1528
1524
1404
