- Jet Lab
- Date: 2022-12-07 13:54:28
- Step: 10 motor steps
991
1510
1556
1402
1378
1488
1504
1479
1544
1488
1516
946
1360
1430
1493
1422
1472
1404
1372
1430
1468
1472
1430
1433
1377
1414
1462
1485
1513
1454
1384
1447
1415
1484
1459
1420
1414
1442
1509
1541
1635
1688
1817
1888
2100
2148
2474
2516
2882
3032
3252
3398
3512
3174
3346
3000
2856
2768
2427
2336
2310
2118
1986
1850
1756
1651
1604
1560
1648
1516
1496
1404
1435
1504
1504
1441
1468
1434
1410
1452
1476
1484
1438
1372
1373
1480
1449
1512
1424
1388
1450
1456
1416
1465
1480
1435
1362
1420
1470
1514
