- Jet Lab
- Date: 2022-12-07 13:55:44
- Step: 10 motor steps
1522
1472
1390
1415
1488
1582
1394
1488
1527
1466
1434
1456
1346
1528
1332
1390
1404
1475
1458
1500
1440
1432
1400
1332
1417
1328
1384
1401
1413
1456
1368
1354
1442
1456
1435
1376
1376
1598
1524
1722
1734
1864
1864
2017
1947
2194
2328
2524
2684
2756
2976
3046
3132
3046
2904
2624
2353
2522
1993
2185
2136
1960
1889
1808
1696
1624
1343
1600
1553
1545
1536
1546
1446
1526
1392
1458
1426
1454
1378
1379
1451
1408
1473
1420
1400
1493
1464
1340
1468
1352
1356
1461
1450
1145
1424
1376
1373
1421
1403
1492
