- Jet Lab
- Date: 2022-12-07 13:56:40
- Step: 10 motor steps
1499
1442
1416
1452
1422
1512
1365
1472
1505
1378
1386
1460
1482
1560
1457
1568
1464
1494
1344
1424
1472
1424
1480
1586
1464
1512
1424
1434
1446
1512
1436
1524
1531
1488
1486
1546
1539
1616
1595
1672
1731
1812
1898
2006
2128
2116
2336
2610
2404
2672
2746
2856
2712
2628
2524
2513
2328
2240
2180
2124
1920
1880
1926
1798
1676
1702
1612
1424
1512
1504
1525
1440
1472
1416
1526
1441
1416
1417
1508
1428
1420
1475
1458
1437
1380
1456
1408
1540
1388
1396
1402
1414
1413
1392
1363
1472
1512
1436
1413
1456
