- Jet Lab
- Date: 2022-12-07 13:57:24
- Step: 10 motor steps
1427
1367
1452
1432
1480
1528
1480
1540
1544
1368
1430
1395
1330
1457
1434
1403
1456
1376
1456
1464
1392
1404
1310
1421
1408
1424
1468
1390
1452
1523
1426
1431
1352
1480
1566
1670
1550
1556
1637
1708
1760
1792
1796
1846
1996
2152
2192
2368
2180
2344
2496
2505
2440
2432
2450
2444
2352
2192
2116
2240
2060
1936
1852
1804
1768
1706
1529
1526
1510
1588
1622
1429
1446
1427
1476
1480
1384
1462
1476
1434
1332
1428
1446
1480
1516
1505
1492
1538
1450
1486
1466
1443
1412
1488
1504
1456
1452
1524
1434
1417
